1 - 958 9 
2 - 580 9 
3 - 378 9 
4 - 313 9 
5 - 267 9 
6 - 214 9 
7 - 164 9 
8 - 178 9 
9 - 135 9 
10 - 137 9 
11 - 130 9 
12 - 93 9 
13 - 121 9 
14 - 86 9 
15 - 78 9 
16 - 86 9 
17 - 92 9 
18 - 78 9 
19 - 57 9 
20 - 76 9 
21 - 61 9 
22 - 64 9 
23 - 66 9 
24 - 52 9 
25 - 41 9 
26 - 55 9 
27 - 66 9 
28 - 46 9 
29 - 40 9 
30 - 40 9 
31 - 38 9 
32 - 30 9 
33 - 56 9 
34 - 54 9 
35 - 38 9 
36 - 45 9 
37 - 33 9 
38 - 33 9 
39 - 24 9 
40 - 36 9 
41 - 40 9 
42 - 32 9 
43 - 29 9 
44 - 35 9 
45 - 29 9 
46 - 37 9 
47 - 29 9 
48 - 29 9 
49 - 23 9 
50 - 22 9 
52 - 31 9 
53 - 24 9 
54 - 37 9 
55 - 29 9 
56 - 22 9 
57 - 24 9 
58 - 22 9 
61 - 21 9 
62 - 25 9 
66 - 28 9 
67 - 28 9 
68 - 27 9 
69 - 27 9 
71 - 25 9 
72 - 22 9 
73 - 23 9 
82 - 25 9 
1 - 958 9 
2 - 580 9 
3 - 378 9 
4 - 313 9 
5 - 267 9 
6 - 214 9 
7 - 164 9 
8 - 178 9 
9 - 135 9 
10 - 137 9 
11 - 130 9 
12 - 93 9 
13 - 121 9 
14 - 86 9 
15 - 78 9 
16 - 86 9 
17 - 92 9 
18 - 78 9 
19 - 57 9 
20 - 76 9 
21 - 61 9 
22 - 64 9 
23 - 66 9 
24 - 52 9 
25 - 41 9 
26 - 55 9 
27 - 66 9 
28 - 46 9 
29 - 40 9 
30 - 40 9 
31 - 38 9 
32 - 30 9 
33 - 56 9 
34 - 54 9 
35 - 38 9 
36 - 45 9 
37 - 33 9 
38 - 33 9 
39 - 24 9 
40 - 36 9 
41 - 40 9 
42 - 32 9 
43 - 29 9 
44 - 35 9 
45 - 29 9 
46 - 37 9 
47 - 29 9 
48 - 29 9 
49 - 23 9 
50 - 22 9 
52 - 31 9 
53 - 24 9 
54 - 37 9 
55 - 29 9 
56 - 22 9 
57 - 24 9 
1 - 958 9 
2 - 580 9 
3 - 378 9 
4 - 313 9 
5 - 267 9 
6 - 214 9 
7 - 164 9 
8 - 178 9 
9 - 135 9 
10 - 137 9 
11 - 130 9 
12 - 93 9 
13 - 121 9 
14 - 86 9 
15 - 78 9 
16 - 86 9 
17 - 92 9 
18 - 78 9 
19 - 57 9 
20 - 76 9 
21 - 61 9 
22 - 64 9 
23 - 66 9 
24 - 52 9 
25 - 41 9 
26 - 55 9 
27 - 66 9 
28 - 46 9 
29 - 40 9 
30 - 40 9 
31 - 38 9 
32 - 30 9 
33 - 56 9 
34 - 54 9 
35 - 38 9 
36 - 45 9 
37 - 33 9 
38 - 33 9 
39 - 24 9 
40 - 36 9 
41 - 40 9 
42 - 32 9 
43 - 29 9 
44 - 35 9 
45 - 29 9 
46 - 37 9 
47 - 29 9 
48 - 29 9 
49 - 23 9 
50 - 22 9 
52 - 31 9 
53 - 24 9 
54 - 37 9 
55 - 29 9 
56 - 22 9 
57 - 24 9 
58 - 22 9 
61 - 21 9 
62 - 25 9 
66 - 28 9 
67 - 28 9 
68 - 27 9 
69 - 27 9 
71 - 25 9 
72 - 22 9 
73 - 23 9 
82 - 25 9 
1 - 47 21 
3 - 27 21 
1 - 47 21 
3 - 27 21 
1 - 47 21 
3 - 27 21 
1 - 47 21 
3 - 27 21 
1 - 47 21 
3 - 27 21 
1 - 47 21 
3 - 27 21 
1 - 47 21 
3 - 27 21 
1 - 958 9 
2 - 580 9 
3 - 378 9 
4 - 313 9 
5 - 267 9 
6 - 214 9 
7 - 164 9 
8 - 178 9 
9 - 135 9 
10 - 137 9 
11 - 130 9 
12 - 93 9 
13 - 121 9 
14 - 86 9 
15 - 78 9 
16 - 86 9 
17 - 92 9 
18 - 78 9 
19 - 57 9 
20 - 76 9 
21 - 61 9 
22 - 64 9 
23 - 66 9 
24 - 52 9 
25 - 41 9 
26 - 55 9 
27 - 66 9 
28 - 46 9 
29 - 40 9 
30 - 40 9 
31 - 38 9 
32 - 30 9 
33 - 56 9 
34 - 54 9 
35 - 38 9 
36 - 45 9 
37 - 33 9 
38 - 33 9 
39 - 24 9 
40 - 36 9 
41 - 40 9 
42 - 32 9 
43 - 29 9 
44 - 35 9 
45 - 29 9 
46 - 37 9 
47 - 29 9 
48 - 29 9 
49 - 23 9 
50 - 22 9 
52 - 31 9 
53 - 24 9 
54 - 37 9 
55 - 29 9 
56 - 22 9 
57 - 24 9 
58 - 22 9 
61 - 21 9 
62 - 25 9 
66 - 28 9 
67 - 28 9 
68 - 27 9 
69 - 27 9 
71 - 25 9 
72 - 22 9 
73 - 23 9 
82 - 25 9 
1 - 435 16 
2 - 223 16 
3 - 212 16 
4 - 84 16 
5 - 139 16 
6 - 156 16 
7 - 56 16 
10 - 79 16 
11 - 60 16 
12 - 80 16 
13 - 76 16 
14 - 31 16 
15 - 25 16 
20 - 45 16 
21 - 34 16 
23 - 44 16 
25 - 62 16 
26 - 40 16 
27 - 36 16 
40 - 22 16 
41 - 23 16 
47 - 27 16 
50 - 32 16 
51 - 30 16 
52 - 28 16 
54 - 23 16 
1 - 101 16 
2 - 60 16 
3 - 41 16 
4 - 40 16 
9 - 22 16 
1 - 435 16 
2 - 223 16 
3 - 212 16 
4 - 84 16 
5 - 139 16 
6 - 156 16 
7 - 56 16 
10 - 79 16 
11 - 60 16 
12 - 80 16 
13 - 76 16 
14 - 31 16 
15 - 25 16 
20 - 45 16 
21 - 34 16 
23 - 44 16 
25 - 62 16 
26 - 40 16 
27 - 36 16 
40 - 22 16 
41 - 23 16 
47 - 27 16 
50 - 32 16 
51 - 30 16 
52 - 28 16 
54 - 23 16 
1 - 435 16 
2 - 223 16 
3 - 212 16 
4 - 84 16 
5 - 139 16 
6 - 156 16 
7 - 56 16 
10 - 79 16 
11 - 60 16 
12 - 80 16 
13 - 76 16 
14 - 31 16 
15 - 25 16 
20 - 45 16 
21 - 34 16 
23 - 44 16 
25 - 62 16 
26 - 40 16 
27 - 36 16 
40 - 22 16 
41 - 23 16 
47 - 27 16 
50 - 32 16 
51 - 30 16 
52 - 28 16 
54 - 23 16 
1 - 435 16 
2 - 223 16 
3 - 212 16 
4 - 84 16 
5 - 139 16 
6 - 156 16 
7 - 56 16 
10 - 79 16 
11 - 60 16 
12 - 80 16 
13 - 76 16 
14 - 31 16 
15 - 25 16 
20 - 45 16 
21 - 34 16 
23 - 44 16 
25 - 62 16 
26 - 40 16 
27 - 36 16 
40 - 22 16 
41 - 23 16 
47 - 27 16 
50 - 32 16 
51 - 30 16 
52 - 28 16 
54 - 23 16 
1 - 435 16 
2 - 223 16 
3 - 212 16 
4 - 84 16 
5 - 139 16 
6 - 156 16 
7 - 56 16 
10 - 79 16 
11 - 60 16 
12 - 80 16 
13 - 76 16 
14 - 31 16 
15 - 25 16 
20 - 45 16 
21 - 34 16 
23 - 44 16 
25 - 62 16 
26 - 40 16 
27 - 36 16 
40 - 22 16 
41 - 23 16 
47 - 27 16 
50 - 32 16 
51 - 30 16 
52 - 28 16 
54 - 23 16 
1 - 435 16 
2 - 223 16 
3 - 212 16 
4 - 84 16 
5 - 139 16 
6 - 156 16 
7 - 56 16 
10 - 79 16 
11 - 60 16 
12 - 80 16 
13 - 76 16 
14 - 31 16 
15 - 25 16 
20 - 45 16 
21 - 34 16 
23 - 44 16 
25 - 62 16 
26 - 40 16 
27 - 36 16 
40 - 22 16 
41 - 23 16 
47 - 27 16 
50 - 32 16 
51 - 30 16 
52 - 28 16 
54 - 23 16 
1 - 435 16 
2 - 223 16 
3 - 212 16 
4 - 84 16 
5 - 139 16 
6 - 156 16 
7 - 56 16 
10 - 79 16 
11 - 60 16 
12 - 80 16 
13 - 76 16 
14 - 31 16 
15 - 25 16 
20 - 45 16 
21 - 34 16 
23 - 44 16 
25 - 62 16 
26 - 40 16 
27 - 36 16 
40 - 22 16 
41 - 23 16 
47 - 27 16 
50 - 32 16 
51 - 30 16 
52 - 28 16 
54 - 23 16 
1 - 435 16 
2 - 223 16 
3 - 212 16 
4 - 84 16 
5 - 139 16 
6 - 156 16 
7 - 56 16 
10 - 79 16 
11 - 60 16 
12 - 80 16 
13 - 76 16 
14 - 31 16 
15 - 25 16 
20 - 45 16 
21 - 34 16 
23 - 44 16 
25 - 62 16 
26 - 40 16 
27 - 36 16 
40 - 22 16 
41 - 23 16 
47 - 27 16 
50 - 32 16 
51 - 30 16 
52 - 28 16 
54 - 23 16 
1 - 24 4 
1 - 32 56 
1 - 24 4 
1 - 24 4 
1 - 47 21 
3 - 27 21 
1 - 47 21 
3 - 27 21 
1 - 24 4 
1 - 32 56 
1 - 47 21 
3 - 27 21 
1 - 24 4 
1 - 32 56 
1 - 47 21 
3 - 27 21 
1 - 101 16 
2 - 60 16 
3 - 41 16 
4 - 40 16 
9 - 22 16 
1 - 106 57 
2 - 52 57 
3 - 54 57 
4 - 37 57 
6 - 36 57 
1 - 132 4 
2 - 62 4 
3 - 70 4 
4 - 31 4 
5 - 31 4 
6 - 39 4 
7 - 31 4 
12 - 24 4 
1 - 148 18 
2 - 85 18 
3 - 63 18 
4 - 29 18 
5 - 56 18 
6 - 37 18 
7 - 26 18 
10 - 32 18 
11 - 24 18 
1 - 303 13 
2 - 132 13 
3 - 171 13 
4 - 68 13 
5 - 64 13 
6 - 64 13 
7 - 107 13 
8 - 33 13 
9 - 35 13 
10 - 32 13 
11 - 32 13 
13 - 45 13 
14 - 43 13 
15 - 64 13 
22 - 22 13 
27 - 28 13 
29 - 23 13 
30 - 25 13 
31 - 39 13 
62 - 21 13 
1 - 323 9 
2 - 120 9 
3 - 203 9 
4 - 72 9 
5 - 48 9 
6 - 138 9 
7 - 65 9 
8 - 34 9 
9 - 38 9 
10 - 33 9 
12 - 88 9 
13 - 50 9 
15 - 45 9 
17 - 21 9 
18 - 27 9 
24 - 48 9 
25 - 40 9 
27 - 35 9 
30 - 31 9 
48 - 22 9 
49 - 26 9 
51 - 26 9 
55 - 22 9 
1 - 339 17 
2 - 119 17 
3 - 220 17 
4 - 49 17 
5 - 70 17 
6 - 85 17 
7 - 135 17 
8 - 22 17 
9 - 27 17 
10 - 23 17 
11 - 47 17 
12 - 46 17 
13 - 39 17 
14 - 41 17 
15 - 94 17 
22 - 24 17 
23 - 23 17 
27 - 26 17 
29 - 26 17 
30 - 41 17 
31 - 53 17 
61 - 30 17 
63 - 37 17 
127 - 25 17 
1 - 366 33 
2 - 70 33 
3 - 296 33 
4 - 28 33 
5 - 42 33 
6 - 110 33 
7 - 186 33 
10 - 25 33 
12 - 91 33 
14 - 52 33 
15 - 134 33 
24 - 45 33 
25 - 46 33 
29 - 32 33 
30 - 21 33 
31 - 113 33 
48 - 23 33 
49 - 22 33 
50 - 26 33 
62 - 42 33 
63 - 71 33 
125 - 24 33 
1 - 435 16 
2 - 223 16 
3 - 212 16 
4 - 84 16 
5 - 139 16 
6 - 156 16 
7 - 56 16 
10 - 79 16 
11 - 60 16 
12 - 80 16 
13 - 76 16 
14 - 31 16 
15 - 25 16 
20 - 45 16 
21 - 34 16 
23 - 44 16 
25 - 62 16 
26 - 40 16 
27 - 36 16 
40 - 22 16 
41 - 23 16 
47 - 27 16 
50 - 32 16 
51 - 30 16 
52 - 28 16 
54 - 23 16 
1 - 625 4 
2 - 375 4 
3 - 250 4 
4 - 225 4 
5 - 150 4 
6 - 125 4 
7 - 125 4 
8 - 135 4 
9 - 90 4 
10 - 75 4 
11 - 75 4 
12 - 75 4 
13 - 50 4 
14 - 75 4 
15 - 50 4 
16 - 81 4 
17 - 54 4 
18 - 45 4 
19 - 45 4 
20 - 45 4 
21 - 30 4 
22 - 45 4 
23 - 30 4 
24 - 45 4 
25 - 30 4 
26 - 25 4 
27 - 25 4 
28 - 45 4 
29 - 30 4 
30 - 25 4 
31 - 25 4 
32 - 54 4 
33 - 27 4 
34 - 27 4 
35 - 27 4 
36 - 27 4 
38 - 27 4 
40 - 27 4 
44 - 27 4 
48 - 27 4 
56 - 27 4 
64 - 27 4 
65 - 27 4 
1 - 690 9 
2 - 171 9 
3 - 519 9 
4 - 37 9 
5 - 134 9 
6 - 269 9 
7 - 250 9 
10 - 74 9 
11 - 60 9 
12 - 103 9 
13 - 166 9 
14 - 145 9 
15 - 105 9 
20 - 33 9 
21 - 41 9 
22 - 23 9 
23 - 37 9 
24 - 25 9 
25 - 78 9 
26 - 75 9 
27 - 91 9 
28 - 75 9 
29 - 70 9 
31 - 85 9 
41 - 21 9 
43 - 24 9 
50 - 32 9 
51 - 46 9 
52 - 41 9 
53 - 34 9 
54 - 45 9 
55 - 46 9 
56 - 39 9 
57 - 36 9 
58 - 44 9 
59 - 26 9 
62 - 39 9 
63 - 46 9 
103 - 26 9 
105 - 24 9 
108 - 30 9 
110 - 30 9 
113 - 25 9 
115 - 22 9 
116 - 22 9 
117 - 22 9 
124 - 23 9 
126 - 28 9 
1 - 699 9 
2 - 270 9 
3 - 429 9 
4 - 178 9 
5 - 92 9 
6 - 236 9 
7 - 193 9 
8 - 111 9 
9 - 67 9 
10 - 52 9 
11 - 40 9 
12 - 58 9 
13 - 178 9 
14 - 79 9 
15 - 114 9 
16 - 48 9 
17 - 63 9 
18 - 35 9 
19 - 32 9 
20 - 28 9 
21 - 24 9 
23 - 26 9 
25 - 47 9 
26 - 104 9 
27 - 74 9 
29 - 61 9 
30 - 59 9 
31 - 55 9 
32 - 24 9 
33 - 24 9 
34 - 40 9 
35 - 23 9 
50 - 31 9 
52 - 51 9 
53 - 53 9 
54 - 37 9 
55 - 37 9 
59 - 44 9 
61 - 44 9 
63 - 38 9 
104 - 32 9 
106 - 33 9 
1 - 824 4 
2 - 504 4 
3 - 320 4 
4 - 200 4 
5 - 304 4 
6 - 172 4 
7 - 148 4 
8 - 81 4 
9 - 119 4 
10 - 162 4 
11 - 142 4 
13 - 154 4 
14 - 23 4 
15 - 125 4 
16 - 41 4 
17 - 40 4 
18 - 50 4 
19 - 69 4 
20 - 66 4 
21 - 96 4 
22 - 31 4 
23 - 111 4 
27 - 142 4 
30 - 107 4 
32 - 26 4 
35 - 22 4 
36 - 24 4 
37 - 26 4 
41 - 54 4 
43 - 83 4 
1 - 958 9 
2 - 580 9 
3 - 378 9 
4 - 313 9 
5 - 267 9 
6 - 214 9 
7 - 164 9 
8 - 178 9 
9 - 135 9 
10 - 137 9 
11 - 130 9 
12 - 93 9 
13 - 121 9 
14 - 86 9 
15 - 78 9 
16 - 86 9 
17 - 92 9 
18 - 78 9 
19 - 57 9 
20 - 76 9 
21 - 61 9 
22 - 64 9 
23 - 66 9 
24 - 52 9 
25 - 41 9 
26 - 55 9 
27 - 66 9 
28 - 46 9 
29 - 40 9 
30 - 40 9 
31 - 38 9 
32 - 30 9 
33 - 56 9 
34 - 54 9 
35 - 38 9 
36 - 45 9 
37 - 33 9 
38 - 33 9 
39 - 24 9 
40 - 36 9 
41 - 40 9 
42 - 32 9 
43 - 29 9 
44 - 35 9 
45 - 29 9 
46 - 37 9 
47 - 29 9 
48 - 29 9 
49 - 23 9 
50 - 22 9 
52 - 31 9 
53 - 24 9 
54 - 37 9 
55 - 29 9 
56 - 22 9 
57 - 24 9 
58 - 22 9 
61 - 21 9 
62 - 25 9 
66 - 28 9 
67 - 28 9 
68 - 27 9 
69 - 27 9 
71 - 25 9 
72 - 22 9 
73 - 23 9 
82 - 25 9 
1 - 1728 6 
2 - 864 6 
3 - 864 6 
4 - 432 6 
5 - 432 6 
6 - 432 6 
7 - 432 6 
8 - 216 6 
9 - 216 6 
10 - 216 6 
11 - 216 6 
12 - 216 6 
13 - 216 6 
14 - 216 6 
15 - 216 6 
16 - 108 6 
17 - 108 6 
18 - 108 6 
19 - 108 6 
20 - 108 6 
21 - 108 6 
22 - 108 6 
23 - 108 6 
24 - 108 6 
25 - 108 6 
26 - 108 6 
27 - 108 6 
28 - 108 6 
29 - 108 6 
30 - 108 6 
31 - 108 6 
32 - 54 6 
33 - 54 6 
34 - 54 6 
35 - 54 6 
36 - 54 6 
37 - 54 6 
38 - 54 6 
39 - 54 6 
40 - 54 6 
41 - 54 6 
42 - 54 6 
43 - 54 6 
44 - 54 6 
45 - 54 6 
46 - 54 6 
47 - 54 6 
48 - 54 6 
49 - 54 6 
50 - 54 6 
51 - 54 6 
52 - 54 6 
53 - 54 6 
54 - 54 6 
55 - 54 6 
56 - 54 6 
57 - 54 6 
58 - 54 6 
59 - 54 6 
60 - 54 6 
61 - 54 6 
62 - 54 6 
63 - 54 6 
64 - 27 6 
65 - 27 6 
66 - 27 6 
67 - 27 6 
68 - 27 6 
69 - 27 6 
70 - 27 6 
71 - 27 6 
72 - 27 6 
73 - 27 6 
74 - 27 6 
75 - 27 6 
76 - 27 6 
77 - 27 6 
78 - 27 6 
79 - 27 6 
80 - 27 6 
81 - 27 6 
82 - 27 6 
83 - 27 6 
84 - 27 6 
85 - 27 6 
86 - 27 6 
87 - 27 6 
88 - 27 6 
89 - 27 6 
90 - 27 6 
91 - 27 6 
92 - 27 6 
93 - 27 6 
94 - 27 6 
95 - 27 6 
96 - 27 6 
97 - 27 6 
98 - 27 6 
99 - 27 6 
100 - 27 6 
101 - 27 6 
102 - 27 6 
103 - 27 6 
104 - 27 6 
105 - 27 6 
106 - 27 6 
107 - 27 6 
108 - 27 6 
109 - 27 6 
110 - 27 6 
111 - 27 6 
112 - 27 6 
113 - 27 6 
114 - 27 6 
115 - 27 6 
116 - 27 6 
117 - 27 6 
118 - 27 6 
119 - 27 6 
120 - 27 6 
121 - 27 6 
122 - 27 6 
123 - 27 6 
124 - 27 6 
125 - 27 6 
126 - 27 6 
127 - 27 6 
1 - 24 4 
1 - 32 56 
1 - 47 21 
3 - 27 21 
1 - 101 16 
2 - 60 16 
3 - 41 16 
4 - 40 16 
9 - 22 16 
1 - 106 57 
2 - 52 57 
3 - 54 57 
4 - 37 57 
6 - 36 57 
1 - 132 4 
2 - 62 4 
3 - 70 4 
4 - 31 4 
5 - 31 4 
6 - 39 4 
7 - 31 4 
12 - 24 4 
1 - 148 18 
2 - 85 18 
3 - 63 18 
4 - 29 18 
5 - 56 18 
6 - 37 18 
7 - 26 18 
10 - 32 18 
11 - 24 18 
1 - 303 13 
2 - 132 13 
3 - 171 13 
4 - 68 13 
5 - 64 13 
6 - 64 13 
7 - 107 13 
8 - 33 13 
9 - 35 13 
10 - 32 13 
11 - 32 13 
13 - 45 13 
14 - 43 13 
15 - 64 13 
22 - 22 13 
27 - 28 13 
29 - 23 13 
30 - 25 13 
31 - 39 13 
62 - 21 13 
1 - 323 9 
2 - 120 9 
3 - 203 9 
4 - 72 9 
5 - 48 9 
6 - 138 9 
7 - 65 9 
8 - 34 9 
9 - 38 9 
10 - 33 9 
12 - 88 9 
13 - 50 9 
15 - 45 9 
17 - 21 9 
18 - 27 9 
24 - 48 9 
25 - 40 9 
27 - 35 9 
30 - 31 9 
48 - 22 9 
49 - 26 9 
51 - 26 9 
55 - 22 9 
1 - 339 17 
2 - 119 17 
3 - 220 17 
4 - 49 17 
5 - 70 17 
6 - 85 17 
7 - 135 17 
8 - 22 17 
9 - 27 17 
10 - 23 17 
11 - 47 17 
12 - 46 17 
13 - 39 17 
14 - 41 17 
15 - 94 17 
22 - 24 17 
23 - 23 17 
27 - 26 17 
29 - 26 17 
30 - 41 17 
31 - 53 17 
61 - 30 17 
63 - 37 17 
127 - 25 17 
1 - 366 33 
2 - 70 33 
3 - 296 33 
4 - 28 33 
5 - 42 33 
6 - 110 33 
7 - 186 33 
10 - 25 33 
12 - 91 33 
14 - 52 33 
15 - 134 33 
24 - 45 33 
25 - 46 33 
29 - 32 33 
30 - 21 33 
31 - 113 33 
48 - 23 33 
49 - 22 33 
50 - 26 33 
62 - 42 33 
63 - 71 33 
125 - 24 33 
1 - 435 16 
2 - 223 16 
3 - 212 16 
4 - 84 16 
5 - 139 16 
6 - 156 16 
7 - 56 16 
10 - 79 16 
11 - 60 16 
12 - 80 16 
13 - 76 16 
14 - 31 16 
15 - 25 16 
20 - 45 16 
21 - 34 16 
23 - 44 16 
25 - 62 16 
26 - 40 16 
27 - 36 16 
40 - 22 16 
41 - 23 16 
47 - 27 16 
50 - 32 16 
51 - 30 16 
52 - 28 16 
54 - 23 16 
1 - 625 4 
2 - 375 4 
3 - 250 4 
4 - 225 4 
5 - 150 4 
6 - 125 4 
7 - 125 4 
8 - 135 4 
9 - 90 4 
10 - 75 4 
11 - 75 4 
12 - 75 4 
13 - 50 4 
14 - 75 4 
15 - 50 4 
16 - 81 4 
17 - 54 4 
18 - 45 4 
19 - 45 4 
20 - 45 4 
21 - 30 4 
22 - 45 4 
23 - 30 4 
24 - 45 4 
25 - 30 4 
26 - 25 4 
27 - 25 4 
28 - 45 4 
29 - 30 4 
30 - 25 4 
31 - 25 4 
32 - 54 4 
33 - 27 4 
34 - 27 4 
35 - 27 4 
36 - 27 4 
38 - 27 4 
40 - 27 4 
44 - 27 4 
48 - 27 4 
56 - 27 4 
64 - 27 4 
65 - 27 4 
1 - 690 9 
2 - 171 9 
3 - 519 9 
4 - 37 9 
5 - 134 9 
6 - 269 9 
7 - 250 9 
10 - 74 9 
11 - 60 9 
12 - 103 9 
13 - 166 9 
14 - 145 9 
15 - 105 9 
20 - 33 9 
21 - 41 9 
22 - 23 9 
23 - 37 9 
24 - 25 9 
25 - 78 9 
26 - 75 9 
27 - 91 9 
28 - 75 9 
29 - 70 9 
31 - 85 9 
41 - 21 9 
43 - 24 9 
50 - 32 9 
51 - 46 9 
52 - 41 9 
53 - 34 9 
54 - 45 9 
55 - 46 9 
56 - 39 9 
57 - 36 9 
58 - 44 9 
59 - 26 9 
62 - 39 9 
63 - 46 9 
103 - 26 9 
105 - 24 9 
108 - 30 9 
110 - 30 9 
113 - 25 9 
115 - 22 9 
116 - 22 9 
117 - 22 9 
124 - 23 9 
126 - 28 9 
1 - 699 9 
2 - 270 9 
3 - 429 9 
4 - 178 9 
5 - 92 9 
6 - 236 9 
7 - 193 9 
8 - 111 9 
9 - 67 9 
10 - 52 9 
11 - 40 9 
12 - 58 9 
13 - 178 9 
14 - 79 9 
15 - 114 9 
16 - 48 9 
17 - 63 9 
18 - 35 9 
19 - 32 9 
20 - 28 9 
21 - 24 9 
23 - 26 9 
25 - 47 9 
26 - 104 9 
27 - 74 9 
29 - 61 9 
30 - 59 9 
31 - 55 9 
32 - 24 9 
33 - 24 9 
34 - 40 9 
35 - 23 9 
50 - 31 9 
52 - 51 9 
53 - 53 9 
54 - 37 9 
55 - 37 9 
59 - 44 9 
61 - 44 9 
63 - 38 9 
104 - 32 9 
106 - 33 9 
1 - 824 4 
2 - 504 4 
3 - 320 4 
4 - 200 4 
5 - 304 4 
6 - 172 4 
7 - 148 4 
8 - 81 4 
9 - 119 4 
10 - 162 4 
11 - 142 4 
13 - 154 4 
14 - 23 4 
15 - 125 4 
16 - 41 4 
17 - 40 4 
18 - 50 4 
19 - 69 4 
20 - 66 4 
21 - 96 4 
22 - 31 4 
23 - 111 4 
27 - 142 4 
30 - 107 4 
32 - 26 4 
35 - 22 4 
36 - 24 4 
37 - 26 4 
41 - 54 4 
43 - 83 4 
1 - 958 9 
2 - 580 9 
3 - 378 9 
4 - 313 9 
5 - 267 9 
6 - 214 9 
7 - 164 9 
8 - 178 9 
9 - 135 9 
10 - 137 9 
11 - 130 9 
12 - 93 9 
13 - 121 9 
14 - 86 9 
15 - 78 9 
16 - 86 9 
17 - 92 9 
18 - 78 9 
19 - 57 9 
20 - 76 9 
21 - 61 9 
22 - 64 9 
23 - 66 9 
24 - 52 9 
25 - 41 9 
26 - 55 9 
27 - 66 9 
28 - 46 9 
29 - 40 9 
30 - 40 9 
31 - 38 9 
32 - 30 9 
33 - 56 9 
34 - 54 9 
35 - 38 9 
36 - 45 9 
37 - 33 9 
38 - 33 9 
39 - 24 9 
40 - 36 9 
41 - 40 9 
42 - 32 9 
43 - 29 9 
44 - 35 9 
45 - 29 9 
46 - 37 9 
47 - 29 9 
48 - 29 9 
49 - 23 9 
50 - 22 9 
52 - 31 9 
53 - 24 9 
54 - 37 9 
55 - 29 9 
56 - 22 9 
57 - 24 9 
58 - 22 9 
61 - 21 9 
62 - 25 9 
66 - 28 9 
67 - 28 9 
68 - 27 9 
69 - 27 9 
71 - 25 9 
72 - 22 9 
73 - 23 9 
82 - 25 9 
1 - 1728 6 
2 - 864 6 
3 - 864 6 
4 - 432 6 
5 - 432 6 
6 - 432 6 
7 - 432 6 
8 - 216 6 
9 - 216 6 
10 - 216 6 
11 - 216 6 
12 - 216 6 
13 - 216 6 
14 - 216 6 
15 - 216 6 
16 - 108 6 
17 - 108 6 
18 - 108 6 
19 - 108 6 
20 - 108 6 
21 - 108 6 
22 - 108 6 
23 - 108 6 
24 - 108 6 
25 - 108 6 
26 - 108 6 
27 - 108 6 
28 - 108 6 
29 - 108 6 
30 - 108 6 
31 - 108 6 
32 - 54 6 
33 - 54 6 
34 - 54 6 
35 - 54 6 
36 - 54 6 
37 - 54 6 
38 - 54 6 
39 - 54 6 
40 - 54 6 
41 - 54 6 
42 - 54 6 
43 - 54 6 
44 - 54 6 
45 - 54 6 
46 - 54 6 
47 - 54 6 
48 - 54 6 
49 - 54 6 
50 - 54 6 
51 - 54 6 
52 - 54 6 
53 - 54 6 
54 - 54 6 
55 - 54 6 
56 - 54 6 
57 - 54 6 
58 - 54 6 
59 - 54 6 
60 - 54 6 
61 - 54 6 
62 - 54 6 
63 - 54 6 
64 - 27 6 
65 - 27 6 
66 - 27 6 
67 - 27 6 
68 - 27 6 
69 - 27 6 
70 - 27 6 
71 - 27 6 
72 - 27 6 
73 - 27 6 
74 - 27 6 
75 - 27 6 
76 - 27 6 
77 - 27 6 
78 - 27 6 
79 - 27 6 
80 - 27 6 
81 - 27 6 
82 - 27 6 
83 - 27 6 
84 - 27 6 
85 - 27 6 
86 - 27 6 
87 - 27 6 
88 - 27 6 
89 - 27 6 
90 - 27 6 
91 - 27 6 
92 - 27 6 
93 - 27 6 
94 - 27 6 
95 - 27 6 
96 - 27 6 
97 - 27 6 
98 - 27 6 
99 - 27 6 
100 - 27 6 
101 - 27 6 
102 - 27 6 
103 - 27 6 
104 - 27 6 
105 - 27 6 
106 - 27 6 
107 - 27 6 
108 - 27 6 
109 - 27 6 
110 - 27 6 
111 - 27 6 
112 - 27 6 
113 - 27 6 
114 - 27 6 
115 - 27 6 
116 - 27 6 
117 - 27 6 
118 - 27 6 
119 - 27 6 
120 - 27 6 
121 - 27 6 
122 - 27 6 
123 - 27 6 
124 - 27 6 
125 - 27 6 
126 - 27 6 
127 - 27 6 
1 - 47 21 
3 - 27 21 
1 - 101 16 
2 - 60 16 
3 - 41 16 
4 - 40 16 
9 - 22 16 
1 - 101 16 
2 - 60 16 
3 - 41 16 
4 - 40 16 
9 - 22 16 
1 - 24 4 
1 - 32 56 
1 - 47 21 
3 - 27 21 
1 - 101 16 
2 - 60 16 
3 - 41 16 
4 - 40 16 
9 - 22 16 
1 - 106 57 
2 - 52 57 
3 - 54 57 
4 - 37 57 
6 - 36 57 
1 - 132 4 
2 - 62 4 
3 - 70 4 
4 - 31 4 
5 - 31 4 
6 - 39 4 
7 - 31 4 
12 - 24 4 
1 - 148 18 
2 - 85 18 
3 - 63 18 
4 - 29 18 
5 - 56 18 
6 - 37 18 
7 - 26 18 
10 - 32 18 
11 - 24 18 
1 - 303 13 
2 - 132 13 
3 - 171 13 
4 - 68 13 
5 - 64 13 
6 - 64 13 
7 - 107 13 
8 - 33 13 
9 - 35 13 
10 - 32 13 
11 - 32 13 
13 - 45 13 
14 - 43 13 
15 - 64 13 
22 - 22 13 
27 - 28 13 
29 - 23 13 
30 - 25 13 
31 - 39 13 
62 - 21 13 
1 - 323 9 
2 - 120 9 
3 - 203 9 
4 - 72 9 
5 - 48 9 
6 - 138 9 
7 - 65 9 
8 - 34 9 
9 - 38 9 
10 - 33 9 
12 - 88 9 
13 - 50 9 
15 - 45 9 
17 - 21 9 
18 - 27 9 
24 - 48 9 
25 - 40 9 
27 - 35 9 
30 - 31 9 
48 - 22 9 
49 - 26 9 
51 - 26 9 
55 - 22 9 
1 - 339 17 
2 - 119 17 
3 - 220 17 
4 - 49 17 
5 - 70 17 
6 - 85 17 
7 - 135 17 
8 - 22 17 
9 - 27 17 
10 - 23 17 
11 - 47 17 
12 - 46 17 
13 - 39 17 
14 - 41 17 
15 - 94 17 
22 - 24 17 
23 - 23 17 
27 - 26 17 
29 - 26 17 
30 - 41 17 
31 - 53 17 
61 - 30 17 
63 - 37 17 
127 - 25 17 
1 - 366 33 
2 - 70 33 
3 - 296 33 
4 - 28 33 
5 - 42 33 
6 - 110 33 
7 - 186 33 
10 - 25 33 
12 - 91 33 
14 - 52 33 
15 - 134 33 
24 - 45 33 
25 - 46 33 
29 - 32 33 
30 - 21 33 
31 - 113 33 
48 - 23 33 
49 - 22 33 
50 - 26 33 
62 - 42 33 
63 - 71 33 
125 - 24 33 
1 - 435 16 
2 - 223 16 
3 - 212 16 
4 - 84 16 
5 - 139 16 
6 - 156 16 
7 - 56 16 
10 - 79 16 
11 - 60 16 
12 - 80 16 
13 - 76 16 
14 - 31 16 
15 - 25 16 
20 - 45 16 
21 - 34 16 
23 - 44 16 
25 - 62 16 
26 - 40 16 
27 - 36 16 
40 - 22 16 
41 - 23 16 
47 - 27 16 
50 - 32 16 
51 - 30 16 
52 - 28 16 
54 - 23 16 
1 - 625 4 
2 - 375 4 
3 - 250 4 
4 - 225 4 
5 - 150 4 
6 - 125 4 
7 - 125 4 
8 - 135 4 
9 - 90 4 
10 - 75 4 
11 - 75 4 
12 - 75 4 
13 - 50 4 
14 - 75 4 
15 - 50 4 
16 - 81 4 
17 - 54 4 
18 - 45 4 
19 - 45 4 
20 - 45 4 
21 - 30 4 
22 - 45 4 
23 - 30 4 
24 - 45 4 
25 - 30 4 
26 - 25 4 
27 - 25 4 
28 - 45 4 
29 - 30 4 
30 - 25 4 
31 - 25 4 
32 - 54 4 
33 - 27 4 
34 - 27 4 
35 - 27 4 
36 - 27 4 
38 - 27 4 
40 - 27 4 
44 - 27 4 
48 - 27 4 
56 - 27 4 
64 - 27 4 
65 - 27 4 
1 - 690 9 
2 - 171 9 
3 - 519 9 
4 - 37 9 
5 - 134 9 
6 - 269 9 
7 - 250 9 
10 - 74 9 
11 - 60 9 
12 - 103 9 
13 - 166 9 
14 - 145 9 
15 - 105 9 
20 - 33 9 
21 - 41 9 
22 - 23 9 
23 - 37 9 
24 - 25 9 
25 - 78 9 
26 - 75 9 
27 - 91 9 
28 - 75 9 
29 - 70 9 
31 - 85 9 
41 - 21 9 
43 - 24 9 
50 - 32 9 
51 - 46 9 
52 - 41 9 
53 - 34 9 
54 - 45 9 
55 - 46 9 
56 - 39 9 
57 - 36 9 
58 - 44 9 
59 - 26 9 
62 - 39 9 
63 - 46 9 
103 - 26 9 
105 - 24 9 
108 - 30 9 
110 - 30 9 
113 - 25 9 
115 - 22 9 
116 - 22 9 
117 - 22 9 
124 - 23 9 
126 - 28 9 
1 - 699 9 
2 - 270 9 
3 - 429 9 
4 - 178 9 
5 - 92 9 
6 - 236 9 
7 - 193 9 
8 - 111 9 
9 - 67 9 
10 - 52 9 
11 - 40 9 
12 - 58 9 
13 - 178 9 
14 - 79 9 
15 - 114 9 
16 - 48 9 
17 - 63 9 
18 - 35 9 
19 - 32 9 
20 - 28 9 
21 - 24 9 
23 - 26 9 
25 - 47 9 
26 - 104 9 
27 - 74 9 
29 - 61 9 
30 - 59 9 
31 - 55 9 
32 - 24 9 
33 - 24 9 
34 - 40 9 
35 - 23 9 
50 - 31 9 
52 - 51 9 
53 - 53 9 
54 - 37 9 
55 - 37 9 
59 - 44 9 
61 - 44 9 
63 - 38 9 
104 - 32 9 
106 - 33 9 
1 - 824 4 
2 - 504 4 
3 - 320 4 
4 - 200 4 
5 - 304 4 
6 - 172 4 
7 - 148 4 
8 - 81 4 
9 - 119 4 
10 - 162 4 
11 - 142 4 
13 - 154 4 
14 - 23 4 
15 - 125 4 
16 - 41 4 
17 - 40 4 
18 - 50 4 
19 - 69 4 
20 - 66 4 
21 - 96 4 
22 - 31 4 
23 - 111 4 
27 - 142 4 
30 - 107 4 
32 - 26 4 
35 - 22 4 
36 - 24 4 
37 - 26 4 
41 - 54 4 
43 - 83 4 
1 - 958 9 
2 - 580 9 
3 - 378 9 
4 - 313 9 
5 - 267 9 
6 - 214 9 
7 - 164 9 
8 - 178 9 
9 - 135 9 
10 - 137 9 
11 - 130 9 
12 - 93 9 
13 - 121 9 
14 - 86 9 
15 - 78 9 
16 - 86 9 
17 - 92 9 
18 - 78 9 
19 - 57 9 
20 - 76 9 
21 - 61 9 
22 - 64 9 
23 - 66 9 
24 - 52 9 
25 - 41 9 
26 - 55 9 
27 - 66 9 
28 - 46 9 
29 - 40 9 
30 - 40 9 
31 - 38 9 
32 - 30 9 
33 - 56 9 
1 - 958 9 
2 - 580 9 
3 - 378 9 
4 - 313 9 
5 - 267 9 
6 - 214 9 
7 - 164 9 
8 - 178 9 
9 - 135 9 
10 - 137 9 
11 - 130 9 
12 - 93 9 
13 - 121 9 
14 - 86 9 
15 - 78 9 
16 - 86 9 
17 - 92 9 
18 - 78 9 
19 - 57 9 
20 - 76 9 
21 - 61 9 
22 - 64 9 
23 - 66 9 
24 - 52 9 
25 - 41 9 
26 - 55 9 
27 - 66 9 
28 - 46 9 
29 - 40 9 
30 - 40 9 
31 - 38 9 
32 - 30 9 
33 - 56 9 
34 - 54 9 
35 - 38 9 
36 - 45 9 
37 - 33 9 
38 - 33 9 
39 - 24 9 
40 - 36 9 
41 - 40 9 
42 - 32 9 
43 - 29 9 
44 - 35 9 
45 - 29 9 
46 - 37 9 
47 - 29 9 
48 - 29 9 
49 - 23 9 
50 - 22 9 
52 - 31 9 
53 - 24 9 
54 - 37 9 
55 - 29 9 
56 - 22 9 
57 - 24 9 
58 - 22 9 
61 - 21 9 
62 - 25 9 
66 - 28 9 
67 - 28 9 
68 - 27 9 
69 - 27 9 
71 - 25 9 
72 - 22 9 
73 - 23 9 
82 - 25 9 
1 - 1728 6 
2 - 864 6 
3 - 864 6 
4 - 432 6 
5 - 432 6 
6 - 432 6 
7 - 432 6 
8 - 216 6 
9 - 216 6 
10 - 216 6 
11 - 216 6 
12 - 216 6 
13 - 216 6 
14 - 216 6 
15 - 216 6 
16 - 108 6 
17 - 108 6 
18 - 108 6 
19 - 108 6 
20 - 108 6 
21 - 108 6 
22 - 108 6 
23 - 108 6 
24 - 108 6 
25 - 108 6 
26 - 108 6 
27 - 108 6 
28 - 108 6 
29 - 108 6 
30 - 108 6 
31 - 108 6 
32 - 54 6 
33 - 54 6 
34 - 54 6 
35 - 54 6 
36 - 54 6 
37 - 54 6 
38 - 54 6 
39 - 54 6 
40 - 54 6 
41 - 54 6 
42 - 54 6 
43 - 54 6 
44 - 54 6 
45 - 54 6 
46 - 54 6 
47 - 54 6 
48 - 54 6 
49 - 54 6 
50 - 54 6 
51 - 54 6 
52 - 54 6 
53 - 54 6 
54 - 54 6 
55 - 54 6 
56 - 54 6 
57 - 54 6 
58 - 54 6 
59 - 54 6 
60 - 54 6 
61 - 54 6 
62 - 54 6 
63 - 54 6 
64 - 27 6 
65 - 27 6 
66 - 27 6 
67 - 27 6 
68 - 27 6 
69 - 27 6 
70 - 27 6 
71 - 27 6 
72 - 27 6 
73 - 27 6 
74 - 27 6 
75 - 27 6 
76 - 27 6 
77 - 27 6 
78 - 27 6 
79 - 27 6 
80 - 27 6 
81 - 27 6 
82 - 27 6 
83 - 27 6 
84 - 27 6 
85 - 27 6 
86 - 27 6 
87 - 27 6 
88 - 27 6 
89 - 27 6 
90 - 27 6 
91 - 27 6 
92 - 27 6 
93 - 27 6 
94 - 27 6 
95 - 27 6 
96 - 27 6 
97 - 27 6 
98 - 27 6 
99 - 27 6 
100 - 27 6 
101 - 27 6 
102 - 27 6 
103 - 27 6 
104 - 27 6 
105 - 27 6 
106 - 27 6 
107 - 27 6 
108 - 27 6 
109 - 27 6 
110 - 27 6 
111 - 27 6 
112 - 27 6 
113 - 27 6 
114 - 27 6 
115 - 27 6 
116 - 27 6 
117 - 27 6 
118 - 27 6 
119 - 27 6 
120 - 27 6 
121 - 27 6 
122 - 27 6 
123 - 27 6 
124 - 27 6 
125 - 27 6 
126 - 27 6 
127 - 27 6 
1 - 958 9 
2 - 580 9 
3 - 378 9 
4 - 313 9 
5 - 267 9 
6 - 214 9 
7 - 164 9 
8 - 178 9 
9 - 135 9 
10 - 137 9 
11 - 130 9 
12 - 93 9 
13 - 121 9 
14 - 86 9 
15 - 78 9 
16 - 86 9 
17 - 92 9 
18 - 78 9 
19 - 57 9 
20 - 76 9 
21 - 61 9 
22 - 64 9 
23 - 66 9 
24 - 52 9 
25 - 41 9 
26 - 55 9 
27 - 66 9 
28 - 46 9 
29 - 40 9 
30 - 40 9 
31 - 38 9 
32 - 30 9 
33 - 56 9 
34 - 54 9 
35 - 38 9 
36 - 45 9 
37 - 33 9 
38 - 33 9 
39 - 24 9 
40 - 36 9 
41 - 40 9 
42 - 32 9 
43 - 29 9 
44 - 35 9 
45 - 29 9 
46 - 37 9 
47 - 29 9 
48 - 29 9 
49 - 23 9 
50 - 22 9 
52 - 31 9 
53 - 24 9 
54 - 37 9 
55 - 29 9 
56 - 22 9 
57 - 24 9 
58 - 22 9 
61 - 21 9 
62 - 25 9 
66 - 28 9 
67 - 28 9 
68 - 27 9 
69 - 27 9 
71 - 25 9 
72 - 22 9 
73 - 23 9 
82 - 25 9 
1 - 1728 6 
2 - 864 6 
3 - 864 6 
4 - 432 6 
5 - 432 6 
6 - 432 6 
7 - 432 6 
8 - 216 6 
9 - 216 6 
10 - 216 6 
11 - 216 6 
12 - 216 6 
13 - 216 6 
14 - 216 6 
15 - 216 6 
16 - 108 6 
17 - 108 6 
18 - 108 6 
19 - 108 6 
20 - 108 6 
1 - 24 4 
1 - 32 56 
1 - 47 21 
3 - 27 21 
1 - 101 16 
2 - 60 16 
3 - 41 16 
4 - 40 16 
9 - 22 16 
1 - 106 57 
2 - 52 57 
3 - 54 57 
4 - 37 57 
6 - 36 57 
1 - 132 4 
2 - 62 4 
3 - 70 4 
4 - 31 4 
5 - 31 4 
6 - 39 4 
7 - 31 4 
12 - 24 4 
1 - 148 18 
2 - 85 18 
3 - 63 18 
4 - 29 18 
5 - 56 18 
6 - 37 18 
7 - 26 18 
10 - 32 18 
11 - 24 18 
1 - 303 13 
2 - 132 13 
3 - 171 13 
4 - 68 13 
5 - 64 13 
6 - 64 13 
7 - 107 13 
8 - 33 13 
9 - 35 13 
10 - 32 13 
11 - 32 13 
13 - 45 13 
14 - 43 13 
15 - 64 13 
22 - 22 13 
27 - 28 13 
29 - 23 13 
30 - 25 13 
31 - 39 13 
62 - 21 13 
1 - 323 9 
2 - 120 9 
3 - 203 9 
4 - 72 9 
5 - 48 9 
6 - 138 9 
7 - 65 9 
8 - 34 9 
9 - 38 9 
10 - 33 9 
12 - 88 9 
13 - 50 9 
15 - 45 9 
17 - 21 9 
18 - 27 9 
24 - 48 9 
25 - 40 9 
27 - 35 9 
30 - 31 9 
48 - 22 9 
49 - 26 9 
51 - 26 9 
55 - 22 9 
1 - 339 17 
2 - 119 17 
3 - 220 17 
4 - 49 17 
5 - 70 17 
6 - 85 17 
7 - 135 17 
8 - 22 17 
9 - 27 17 
10 - 23 17 
11 - 47 17 
12 - 46 17 
13 - 39 17 
14 - 41 17 
15 - 94 17 
22 - 24 17 
23 - 23 17 
27 - 26 17 
29 - 26 17 
30 - 41 17 
31 - 53 17 
61 - 30 17 
63 - 37 17 
127 - 25 17 
1 - 366 33 
2 - 70 33 
3 - 296 33 
4 - 28 33 
5 - 42 33 
6 - 110 33 
7 - 186 33 
10 - 25 33 
12 - 91 33 
14 - 52 33 
15 - 134 33 
24 - 45 33 
25 - 46 33 
29 - 32 33 
30 - 21 33 
31 - 113 33 
48 - 23 33 
49 - 22 33 
50 - 26 33 
62 - 42 33 
63 - 71 33 
125 - 24 33 
1 - 435 16 
2 - 223 16 
3 - 212 16 
4 - 84 16 
5 - 139 16 
6 - 156 16 
7 - 56 16 
10 - 79 16 
11 - 60 16 
12 - 80 16 
13 - 76 16 
14 - 31 16 
15 - 25 16 
20 - 45 16 
21 - 34 16 
23 - 44 16 
25 - 62 16 
26 - 40 16 
27 - 36 16 
40 - 22 16 
41 - 23 16 
47 - 27 16 
50 - 32 16 
51 - 30 16 
52 - 28 16 
54 - 23 16 
1 - 625 4 
2 - 375 4 
3 - 250 4 
4 - 225 4 
5 - 150 4 
6 - 125 4 
7 - 125 4 
8 - 135 4 
9 - 90 4 
10 - 75 4 
11 - 75 4 
12 - 75 4 
13 - 50 4 
14 - 75 4 
15 - 50 4 
16 - 81 4 
17 - 54 4 
18 - 45 4 
19 - 45 4 
20 - 45 4 
21 - 30 4 
22 - 45 4 
23 - 30 4 
24 - 45 4 
25 - 30 4 
26 - 25 4 
27 - 25 4 
28 - 45 4 
29 - 30 4 
30 - 25 4 
31 - 25 4 
32 - 54 4 
33 - 27 4 
34 - 27 4 
35 - 27 4 
36 - 27 4 
38 - 27 4 
40 - 27 4 
44 - 27 4 
48 - 27 4 
56 - 27 4 
64 - 27 4 
65 - 27 4 
1 - 690 9 
2 - 171 9 
3 - 519 9 
4 - 37 9 
5 - 134 9 
6 - 269 9 
7 - 250 9 
10 - 74 9 
11 - 60 9 
12 - 103 9 
13 - 166 9 
14 - 145 9 
15 - 105 9 
20 - 33 9 
21 - 41 9 
22 - 23 9 
23 - 37 9 
24 - 25 9 
25 - 78 9 
26 - 75 9 
27 - 91 9 
28 - 75 9 
29 - 70 9 
31 - 85 9 
41 - 21 9 
43 - 24 9 
50 - 32 9 
51 - 46 9 
52 - 41 9 
53 - 34 9 
54 - 45 9 
55 - 46 9 
56 - 39 9 
57 - 36 9 
58 - 44 9 
59 - 26 9 
62 - 39 9 
63 - 46 9 
103 - 26 9 
105 - 24 9 
108 - 30 9 
110 - 30 9 
113 - 25 9 
115 - 22 9 
116 - 22 9 
117 - 22 9 
124 - 23 9 
126 - 28 9 
1 - 699 9 
2 - 270 9 
3 - 429 9 
4 - 178 9 
5 - 92 9 
6 - 236 9 
7 - 193 9 
8 - 111 9 
9 - 67 9 
10 - 52 9 
11 - 40 9 
12 - 58 9 
13 - 178 9 
14 - 79 9 
15 - 114 9 
16 - 48 9 
17 - 63 9 
18 - 35 9 
19 - 32 9 
20 - 28 9 
21 - 24 9 
23 - 26 9 
25 - 47 9 
26 - 104 9 
27 - 74 9 
29 - 61 9 
30 - 59 9 
31 - 55 9 
32 - 24 9 
33 - 24 9 
34 - 40 9 
35 - 23 9 
50 - 31 9 
52 - 51 9 
53 - 53 9 
54 - 37 9 
55 - 37 9 
59 - 44 9 
61 - 44 9 
63 - 38 9 
104 - 32 9 
106 - 33 9 
1 - 824 4 
2 - 504 4 
3 - 320 4 
4 - 200 4 
5 - 304 4 
6 - 172 4 
7 - 148 4 
8 - 81 4 
9 - 119 4 
10 - 162 4 
11 - 142 4 
13 - 154 4 
14 - 23 4 
15 - 125 4 
16 - 41 4 
17 - 40 4 
18 - 50 4 
19 - 69 4 
20 - 66 4 
21 - 96 4 
22 - 31 4 
23 - 111 4 
27 - 142 4 
30 - 107 4 
32 - 26 4 
35 - 22 4 
36 - 24 4 
37 - 26 4 
41 - 54 4 
43 - 83 4 
1 - 958 9 
2 - 580 9 
3 - 378 9 
4 - 313 9 
5 - 267 9 
6 - 214 9 
7 - 164 9 
8 - 178 9 
9 - 135 9 
10 - 137 9 
11 - 130 9 
12 - 93 9 
13 - 121 9 
14 - 86 9 
15 - 78 9 
16 - 86 9 
17 - 92 9 
18 - 78 9 
19 - 57 9 
20 - 76 9 
21 - 61 9 
22 - 64 9 
23 - 66 9 
24 - 52 9 
25 - 41 9 
26 - 55 9 
27 - 66 9 
28 - 46 9 
29 - 40 9 
30 - 40 9 
31 - 38 9 
32 - 30 9 
33 - 56 9 
34 - 54 9 
35 - 38 9 
36 - 45 9 
37 - 33 9 
38 - 33 9 
39 - 24 9 
40 - 36 9 
41 - 40 9 
42 - 32 9 
43 - 29 9 
44 - 35 9 
45 - 29 9 
46 - 37 9 
47 - 29 9 
48 - 29 9 
49 - 23 9 
50 - 22 9 
52 - 31 9 
53 - 24 9 
54 - 37 9 
55 - 29 9 
56 - 22 9 
57 - 24 9 
58 - 22 9 
61 - 21 9 
62 - 25 9 
66 - 28 9 
67 - 28 9 
68 - 27 9 
69 - 27 9 
71 - 25 9 
72 - 22 9 
73 - 23 9 
82 - 25 9 
1 - 1728 6 
2 - 864 6 
3 - 864 6 
4 - 432 6 
5 - 432 6 
6 - 432 6 
7 - 432 6 
8 - 216 6 
9 - 216 6 
10 - 216 6 
11 - 216 6 
12 - 216 6 
13 - 216 6 
14 - 216 6 
15 - 216 6 
16 - 108 6 
17 - 108 6 
18 - 108 6 
19 - 108 6 
20 - 108 6 
21 - 108 6 
22 - 108 6 
23 - 108 6 
24 - 108 6 
25 - 108 6 
26 - 108 6 
27 - 108 6 
28 - 108 6 
29 - 108 6 
30 - 108 6 
31 - 108 6 
32 - 54 6 
33 - 54 6 
34 - 54 6 
35 - 54 6 
36 - 54 6 
37 - 54 6 
38 - 54 6 
39 - 54 6 
40 - 54 6 
41 - 54 6 
42 - 54 6 
43 - 54 6 
44 - 54 6 
45 - 54 6 
46 - 54 6 
47 - 54 6 
48 - 54 6 
49 - 54 6 
50 - 54 6 
51 - 54 6 
52 - 54 6 
53 - 54 6 
54 - 54 6 
55 - 54 6 
56 - 54 6 
57 - 54 6 
58 - 54 6 
59 - 54 6 
60 - 54 6 
61 - 54 6 
62 - 54 6 
63 - 54 6 
64 - 27 6 
65 - 27 6 
66 - 27 6 
67 - 27 6 
68 - 27 6 
69 - 27 6 
70 - 27 6 
71 - 27 6 
72 - 27 6 
73 - 27 6 
74 - 27 6 
75 - 27 6 
76 - 27 6 
77 - 27 6 
78 - 27 6 
79 - 27 6 
80 - 27 6 
81 - 27 6 
82 - 27 6 
83 - 27 6 
84 - 27 6 
85 - 27 6 
86 - 27 6 
87 - 27 6 
88 - 27 6 
89 - 27 6 
90 - 27 6 
91 - 27 6 
92 - 27 6 
93 - 27 6 
94 - 27 6 
95 - 27 6 
96 - 27 6 
97 - 27 6 
98 - 27 6 
99 - 27 6 
100 - 27 6 
101 - 27 6 
102 - 27 6 
103 - 27 6 
104 - 27 6 
105 - 27 6 
106 - 27 6 
107 - 27 6 
108 - 27 6 
109 - 27 6 
110 - 27 6 
111 - 27 6 
112 - 27 6 
113 - 27 6 
114 - 27 6 
115 - 27 6 
116 - 27 6 
117 - 27 6 
118 - 27 6 
119 - 27 6 
120 - 27 6 
121 - 27 6 
122 - 27 6 
123 - 27 6 
124 - 27 6 
125 - 27 6 
126 - 27 6 
127 - 27 6 
1 - 24 4 
1 - 32 56 
1 - 47 21 
3 - 27 21 
1 - 101 16 
2 - 60 16 
3 - 41 16 
4 - 40 16 
9 - 22 16 
1 - 106 57 
2 - 52 57 
3 - 54 57 
4 - 37 57 
6 - 36 57 
1 - 132 4 
2 - 62 4 
3 - 70 4 
4 - 31 4 
5 - 31 4 
6 - 39 4 
7 - 31 4 
12 - 24 4 
1 - 148 18 
2 - 85 18 
3 - 63 18 
4 - 29 18 
5 - 56 18 
6 - 37 18 
7 - 26 18 
10 - 32 18 
11 - 24 18 
1 - 303 13 
2 - 132 13 
3 - 171 13 
4 - 68 13 
5 - 64 13 
6 - 64 13 
7 - 107 13 
8 - 33 13 
9 - 35 13 
10 - 32 13 
11 - 32 13 
13 - 45 13 
14 - 43 13 
15 - 64 13 
22 - 22 13 
27 - 28 13 
29 - 23 13 
30 - 25 13 
31 - 39 13 
62 - 21 13 
1 - 323 9 
2 - 120 9 
3 - 203 9 
4 - 72 9 
5 - 48 9 
6 - 138 9 
7 - 65 9 
8 - 34 9 
9 - 38 9 
10 - 33 9 
12 - 88 9 
13 - 50 9 
15 - 45 9 
17 - 21 9 
18 - 27 9 
24 - 48 9 
25 - 40 9 
27 - 35 9 
30 - 31 9 
48 - 22 9 
49 - 26 9 
51 - 26 9 
55 - 22 9 
1 - 339 17 
2 - 119 17 
3 - 220 17 
4 - 49 17 
5 - 70 17 
6 - 85 17 
7 - 135 17 
8 - 22 17 
9 - 27 17 
10 - 23 17 
11 - 47 17 
12 - 46 17 
13 - 39 17 
14 - 41 17 
15 - 94 17 
22 - 24 17 
23 - 23 17 
27 - 26 17 
29 - 26 17 
30 - 41 17 
31 - 53 17 
61 - 30 17 
63 - 37 17 
127 - 25 17 
1 - 366 33 
2 - 70 33 
3 - 296 33 
4 - 28 33 
5 - 42 33 
6 - 110 33 
7 - 186 33 
10 - 25 33 
12 - 91 33 
14 - 52 33 
15 - 134 33 
24 - 45 33 
25 - 46 33 
29 - 32 33 
30 - 21 33 
31 - 113 33 
48 - 23 33 
49 - 22 33 
50 - 26 33 
62 - 42 33 
63 - 71 33 
125 - 24 33 
1 - 435 16 
2 - 223 16 
3 - 212 16 
4 - 84 16 
5 - 139 16 
6 - 156 16 
7 - 56 16 
10 - 79 16 
11 - 60 16 
12 - 80 16 
13 - 76 16 
14 - 31 16 
15 - 25 16 
20 - 45 16 
21 - 34 16 
23 - 44 16 
25 - 62 16 
26 - 40 16 
27 - 36 16 
40 - 22 16 
41 - 23 16 
47 - 27 16 
50 - 32 16 
51 - 30 16 
52 - 28 16 
54 - 23 16 
1 - 625 4 
2 - 375 4 
3 - 250 4 
4 - 225 4 
5 - 150 4 
6 - 125 4 
7 - 125 4 
8 - 135 4 
9 - 90 4 
10 - 75 4 
11 - 75 4 
12 - 75 4 
13 - 50 4 
14 - 75 4 
15 - 50 4 
16 - 81 4 
17 - 54 4 
18 - 45 4 
19 - 45 4 
20 - 45 4 
21 - 30 4 
22 - 45 4 
23 - 30 4 
24 - 45 4 
25 - 30 4 
26 - 25 4 
27 - 25 4 
28 - 45 4 
29 - 30 4 
30 - 25 4 
31 - 25 4 
32 - 54 4 
33 - 27 4 
34 - 27 4 
35 - 27 4 
36 - 27 4 
38 - 27 4 
40 - 27 4 
44 - 27 4 
48 - 27 4 
56 - 27 4 
64 - 27 4 
65 - 27 4 
1 - 690 9 
2 - 171 9 
3 - 519 9 
4 - 37 9 
5 - 134 9 
6 - 269 9 
7 - 250 9 
10 - 74 9 
11 - 60 9 
12 - 103 9 
13 - 166 9 
14 - 145 9 
15 - 105 9 
20 - 33 9 
21 - 41 9 
22 - 23 9 
23 - 37 9 
24 - 25 9 
25 - 78 9 
26 - 75 9 
27 - 91 9 
28 - 75 9 
29 - 70 9 
31 - 85 9 
41 - 21 9 
43 - 24 9 
50 - 32 9 
51 - 46 9 
52 - 41 9 
53 - 34 9 
54 - 45 9 
55 - 46 9 
56 - 39 9 
57 - 36 9 
58 - 44 9 
59 - 26 9 
62 - 39 9 
63 - 46 9 
103 - 26 9 
105 - 24 9 
108 - 30 9 
110 - 30 9 
113 - 25 9 
115 - 22 9 
116 - 22 9 
117 - 22 9 
124 - 23 9 
126 - 28 9 
1 - 699 9 
2 - 270 9 
3 - 429 9 
4 - 178 9 
5 - 92 9 
6 - 236 9 
7 - 193 9 
8 - 111 9 
9 - 67 9 
10 - 52 9 
11 - 40 9 
12 - 58 9 
13 - 178 9 
14 - 79 9 
15 - 114 9 
16 - 48 9 
17 - 63 9 
18 - 35 9 
19 - 32 9 
20 - 28 9 
21 - 24 9 
23 - 26 9 
25 - 47 9 
26 - 104 9 
27 - 74 9 
29 - 61 9 
30 - 59 9 
31 - 55 9 
32 - 24 9 
33 - 24 9 
34 - 40 9 
35 - 23 9 
50 - 31 9 
52 - 51 9 
53 - 53 9 
54 - 37 9 
55 - 37 9 
59 - 44 9 
61 - 44 9 
63 - 38 9 
104 - 32 9 
106 - 33 9 
1 - 824 4 
2 - 504 4 
3 - 320 4 
4 - 200 4 
5 - 304 4 
6 - 172 4 
7 - 148 4 
8 - 81 4 
9 - 119 4 
10 - 162 4 
11 - 142 4 
13 - 154 4 
14 - 23 4 
15 - 125 4 
16 - 41 4 
17 - 40 4 
18 - 50 4 
19 - 69 4 
20 - 66 4 
21 - 96 4 
22 - 31 4 
23 - 111 4 
27 - 142 4 
30 - 107 4 
32 - 26 4 
35 - 22 4 
36 - 24 4 
37 - 26 4 
41 - 54 4 
43 - 83 4 
1 - 958 9 
2 - 580 9 
3 - 378 9 
4 - 313 9 
5 - 267 9 
6 - 214 9 
7 - 164 9 
8 - 178 9 
9 - 135 9 
10 - 137 9 
11 - 130 9 
12 - 93 9 
13 - 121 9 
14 - 86 9 
15 - 78 9 
16 - 86 9 
17 - 92 9 
18 - 78 9 
19 - 57 9 
20 - 76 9 
21 - 61 9 
22 - 64 9 
23 - 66 9 
24 - 52 9 
25 - 41 9 
26 - 55 9 
27 - 66 9 
28 - 46 9 
29 - 40 9 
30 - 40 9 
31 - 38 9 
32 - 30 9 
33 - 56 9 
34 - 54 9 
35 - 38 9 
36 - 45 9 
37 - 33 9 
38 - 33 9 
39 - 24 9 
40 - 36 9 
41 - 40 9 
42 - 32 9 
43 - 29 9 
44 - 35 9 
45 - 29 9 
46 - 37 9 
47 - 29 9 
48 - 29 9 
49 - 23 9 
50 - 22 9 
52 - 31 9 
53 - 24 9 
54 - 37 9 
55 - 29 9 
56 - 22 9 
57 - 24 9 
58 - 22 9 
61 - 21 9 
62 - 25 9 
66 - 28 9 
67 - 28 9 
68 - 27 9 
69 - 27 9 
71 - 25 9 
72 - 22 9 
73 - 23 9 
82 - 25 9 
1 - 1728 6 
2 - 864 6 
3 - 864 6 
4 - 432 6 
5 - 432 6 
6 - 432 6 
7 - 432 6 
8 - 216 6 
9 - 216 6 
10 - 216 6 
11 - 216 6 
12 - 216 6 
13 - 216 6 
14 - 216 6 
15 - 216 6 
16 - 108 6 
17 - 108 6 
18 - 108 6 
19 - 108 6 
20 - 108 6 
21 - 108 6 
22 - 108 6 
23 - 108 6 
24 - 108 6 
25 - 108 6 
26 - 108 6 
27 - 108 6 
28 - 108 6 
29 - 108 6 
30 - 108 6 
31 - 108 6 
32 - 54 6 
33 - 54 6 
34 - 54 6 
35 - 54 6 
36 - 54 6 
37 - 54 6 
38 - 54 6 
39 - 54 6 
40 - 54 6 
41 - 54 6 
42 - 54 6 
43 - 54 6 
44 - 54 6 
45 - 54 6 
46 - 54 6 
47 - 54 6 
48 - 54 6 
49 - 54 6 
50 - 54 6 
51 - 54 6 
52 - 54 6 
53 - 54 6 
54 - 54 6 
55 - 54 6 
56 - 54 6 
57 - 54 6 
58 - 54 6 
59 - 54 6 
60 - 54 6 
61 - 54 6 
62 - 54 6 
63 - 54 6 
64 - 27 6 
65 - 27 6 
66 - 27 6 
67 - 27 6 
68 - 27 6 
69 - 27 6 
70 - 27 6 
71 - 27 6 
72 - 27 6 
73 - 27 6 
74 - 27 6 
75 - 27 6 
76 - 27 6 
77 - 27 6 
78 - 27 6 
79 - 27 6 
80 - 27 6 
81 - 27 6 
82 - 27 6 
83 - 27 6 
84 - 27 6 
85 - 27 6 
86 - 27 6 
87 - 27 6 
88 - 27 6 
89 - 27 6 
90 - 27 6 
91 - 27 6 
92 - 27 6 
93 - 27 6 
94 - 27 6 
95 - 27 6 
96 - 27 6 
97 - 27 6 
98 - 27 6 
99 - 27 6 
100 - 27 6 
101 - 27 6 
102 - 27 6 
103 - 27 6 
104 - 27 6 
105 - 27 6 
106 - 27 6 
107 - 27 6 
108 - 27 6 
109 - 27 6 
110 - 27 6 
111 - 27 6 
112 - 27 6 
113 - 27 6 
114 - 27 6 
115 - 27 6 
116 - 27 6 
117 - 27 6 
118 - 27 6 
119 - 27 6 
120 - 27 6 
121 - 27 6 
122 - 27 6 
123 - 27 6 
124 - 27 6 
125 - 27 6 
126 - 27 6 
127 - 27 6 
1 - 24 4 
1 - 32 56 
1 - 47 21 
3 - 27 21 
1 - 24 4 
1 - 32 56 
1 - 47 21 
3 - 27 21 
1 - 24 4 
1 - 32 56 
1 - 47 21 
3 - 27 21 
1 - 24 4 
1 - 32 56 
1 - 47 21 
3 - 27 21 
1 - 24 4 
1 - 32 56 
1 - 47 21 
3 - 27 21 
1 - 24 4 
1 - 32 56 
1 - 47 21 
3 - 27 21 
1 - 24 4 
1 - 32 56 
1 - 47 21 
3 - 27 21 
1 - 24 4 
1 - 24 4 
1 - 32 56 
1 - 47 21 
3 - 27 21 
1 - 24 4 
1 - 32 56 
1 - 47 21 
3 - 27 21 
1 - 101 16 
2 - 60 16 
3 - 41 16 
4 - 40 16 
9 - 22 16 
1 - 106 57 
2 - 52 57 
3 - 54 57 
4 - 37 57 
6 - 36 57 
1 - 132 4 
2 - 62 4 
3 - 70 4 
4 - 31 4 
5 - 31 4 
6 - 39 4 
7 - 31 4 
12 - 24 4 
1 - 148 18 
2 - 85 18 
3 - 63 18 
4 - 29 18 
5 - 56 18 
6 - 37 18 
7 - 26 18 
10 - 32 18 
11 - 24 18 
1 - 303 13 
2 - 132 13 
3 - 171 13 
4 - 68 13 
5 - 64 13 
6 - 64 13 
7 - 107 13 
8 - 33 13 
9 - 35 13 
10 - 32 13 
11 - 32 13 
13 - 45 13 
14 - 43 13 
15 - 64 13 
22 - 22 13 
27 - 28 13 
29 - 23 13 
30 - 25 13 
31 - 39 13 
62 - 21 13 
1 - 323 9 
2 - 120 9 
3 - 203 9 
4 - 72 9 
5 - 48 9 
6 - 138 9 
7 - 65 9 
8 - 34 9 
9 - 38 9 
10 - 33 9 
12 - 88 9 
13 - 50 9 
15 - 45 9 
17 - 21 9 
18 - 27 9 
24 - 48 9 
25 - 40 9 
27 - 35 9 
30 - 31 9 
48 - 22 9 
49 - 26 9 
51 - 26 9 
55 - 22 9 
1 - 339 17 
2 - 119 17 
3 - 220 17 
4 - 49 17 
5 - 70 17 
6 - 85 17 
7 - 135 17 
8 - 22 17 
9 - 27 17 
10 - 23 17 
11 - 47 17 
12 - 46 17 
13 - 39 17 
14 - 41 17 
15 - 94 17 
22 - 24 17 
23 - 23 17 
27 - 26 17 
29 - 26 17 
30 - 41 17 
31 - 53 17 
61 - 30 17 
63 - 37 17 
127 - 25 17 
1 - 366 33 
2 - 70 33 
3 - 296 33 
4 - 28 33 
5 - 42 33 
6 - 110 33 
7 - 186 33 
10 - 25 33 
12 - 91 33 
14 - 52 33 
15 - 134 33 
24 - 45 33 
25 - 46 33 
29 - 32 33 
30 - 21 33 
31 - 113 33 
48 - 23 33 
49 - 22 33 
50 - 26 33 
62 - 42 33 
63 - 71 33 
125 - 24 33 
1 - 435 16 
2 - 223 16 
3 - 212 16 
4 - 84 16 
5 - 139 16 
6 - 156 16 
7 - 56 16 
10 - 79 16 
11 - 60 16 
12 - 80 16 
13 - 76 16 
14 - 31 16 
15 - 25 16 
20 - 45 16 
21 - 34 16 
23 - 44 16 
25 - 62 16 
26 - 40 16 
27 - 36 16 
40 - 22 16 
41 - 23 16 
47 - 27 16 
50 - 32 16 
51 - 30 16 
52 - 28 16 
54 - 23 16 
1 - 625 4 
2 - 375 4 
3 - 250 4 
4 - 225 4 
5 - 150 4 
6 - 125 4 
7 - 125 4 
8 - 135 4 
9 - 90 4 
10 - 75 4 
11 - 75 4 
12 - 75 4 
13 - 50 4 
14 - 75 4 
15 - 50 4 
16 - 81 4 
17 - 54 4 
18 - 45 4 
19 - 45 4 
20 - 45 4 
21 - 30 4 
22 - 45 4 
23 - 30 4 
24 - 45 4 
25 - 30 4 
26 - 25 4 
27 - 25 4 
28 - 45 4 
29 - 30 4 
30 - 25 4 
31 - 25 4 
32 - 54 4 
33 - 27 4 
34 - 27 4 
35 - 27 4 
36 - 27 4 
38 - 27 4 
40 - 27 4 
44 - 27 4 
48 - 27 4 
56 - 27 4 
64 - 27 4 
65 - 27 4 
1 - 690 9 
2 - 171 9 
3 - 519 9 
4 - 37 9 
5 - 134 9 
6 - 269 9 
7 - 250 9 
10 - 74 9 
11 - 60 9 
12 - 103 9 
13 - 166 9 
14 - 145 9 
15 - 105 9 
20 - 33 9 
21 - 41 9 
22 - 23 9 
23 - 37 9 
24 - 25 9 
25 - 78 9 
26 - 75 9 
27 - 91 9 
28 - 75 9 
29 - 70 9 
31 - 85 9 
41 - 21 9 
43 - 24 9 
50 - 32 9 
51 - 46 9 
52 - 41 9 
53 - 34 9 
54 - 45 9 
55 - 46 9 
56 - 39 9 
57 - 36 9 
58 - 44 9 
59 - 26 9 
62 - 39 9 
63 - 46 9 
103 - 26 9 
105 - 24 9 
108 - 30 9 
110 - 30 9 
113 - 25 9 
115 - 22 9 
116 - 22 9 
117 - 22 9 
124 - 23 9 
126 - 28 9 
1 - 699 9 
2 - 270 9 
3 - 429 9 
4 - 178 9 
5 - 92 9 
6 - 236 9 
7 - 193 9 
8 - 111 9 
9 - 67 9 
10 - 52 9 
11 - 40 9 
12 - 58 9 
13 - 178 9 
14 - 79 9 
15 - 114 9 
16 - 48 9 
17 - 63 9 
18 - 35 9 
19 - 32 9 
20 - 28 9 
21 - 24 9 
23 - 26 9 
25 - 47 9 
26 - 104 9 
27 - 74 9 
29 - 61 9 
30 - 59 9 
31 - 55 9 
32 - 24 9 
33 - 24 9 
34 - 40 9 
35 - 23 9 
50 - 31 9 
52 - 51 9 
53 - 53 9 
54 - 37 9 
55 - 37 9 
59 - 44 9 
61 - 44 9 
63 - 38 9 
104 - 32 9 
106 - 33 9 
1 - 824 4 
2 - 504 4 
3 - 320 4 
4 - 200 4 
5 - 304 4 
6 - 172 4 
7 - 148 4 
8 - 81 4 
9 - 119 4 
10 - 162 4 
11 - 142 4 
13 - 154 4 
14 - 23 4 
15 - 125 4 
16 - 41 4 
17 - 40 4 
18 - 50 4 
19 - 69 4 
20 - 66 4 
21 - 96 4 
22 - 31 4 
23 - 111 4 
27 - 142 4 
30 - 107 4 
32 - 26 4 
35 - 22 4 
36 - 24 4 
37 - 26 4 
41 - 54 4 
43 - 83 4 
1 - 958 9 
2 - 580 9 
3 - 378 9 
4 - 313 9 
5 - 267 9 
6 - 214 9 
7 - 164 9 
8 - 178 9 
9 - 135 9 
10 - 137 9 
11 - 130 9 
12 - 93 9 
13 - 121 9 
14 - 86 9 
15 - 78 9 
16 - 86 9 
17 - 92 9 
18 - 78 9 
19 - 57 9 
20 - 76 9 
21 - 61 9 
22 - 64 9 
23 - 66 9 
24 - 52 9 
25 - 41 9 
26 - 55 9 
27 - 66 9 
28 - 46 9 
29 - 40 9 
30 - 40 9 
31 - 38 9 
32 - 30 9 
33 - 56 9 
34 - 54 9 
35 - 38 9 
36 - 45 9 
37 - 33 9 
38 - 33 9 
39 - 24 9 
40 - 36 9 
41 - 40 9 
42 - 32 9 
43 - 29 9 
44 - 35 9 
45 - 29 9 
46 - 37 9 
47 - 29 9 
48 - 29 9 
49 - 23 9 
50 - 22 9 
52 - 31 9 
53 - 24 9 
54 - 37 9 
55 - 29 9 
56 - 22 9 
57 - 24 9 
58 - 22 9 
61 - 21 9 
62 - 25 9 
66 - 28 9 
67 - 28 9 
68 - 27 9 
69 - 27 9 
71 - 25 9 
72 - 22 9 
73 - 23 9 
82 - 25 9 
1 - 1728 6 
2 - 864 6 
3 - 864 6 
4 - 432 6 
5 - 432 6 
6 - 432 6 
7 - 432 6 
8 - 216 6 
9 - 216 6 
10 - 216 6 
11 - 216 6 
12 - 216 6 
13 - 216 6 
14 - 216 6 
15 - 216 6 
16 - 108 6 
17 - 108 6 
18 - 108 6 
19 - 108 6 
20 - 108 6 
21 - 108 6 
22 - 108 6 
23 - 108 6 
24 - 108 6 
25 - 108 6 
26 - 108 6 
27 - 108 6 
28 - 108 6 
29 - 108 6 
30 - 108 6 
31 - 108 6 
32 - 54 6 
33 - 54 6 
34 - 54 6 
35 - 54 6 
36 - 54 6 
37 - 54 6 
38 - 54 6 
39 - 54 6 
40 - 54 6 
41 - 54 6 
42 - 54 6 
43 - 54 6 
44 - 54 6 
45 - 54 6 
46 - 54 6 
47 - 54 6 
48 - 54 6 
49 - 54 6 
50 - 54 6 
51 - 54 6 
52 - 54 6 
53 - 54 6 
54 - 54 6 
55 - 54 6 
56 - 54 6 
57 - 54 6 
58 - 54 6 
59 - 54 6 
60 - 54 6 
61 - 54 6 
62 - 54 6 
63 - 54 6 
64 - 27 6 
65 - 27 6 
66 - 27 6 
67 - 27 6 
68 - 27 6 
69 - 27 6 
70 - 27 6 
71 - 27 6 
72 - 27 6 
73 - 27 6 
74 - 27 6 
75 - 27 6 
76 - 27 6 
77 - 27 6 
78 - 27 6 
79 - 27 6 
80 - 27 6 
81 - 27 6 
82 - 27 6 
83 - 27 6 
84 - 27 6 
85 - 27 6 
86 - 27 6 
87 - 27 6 
88 - 27 6 
89 - 27 6 
90 - 27 6 
91 - 27 6 
92 - 27 6 
93 - 27 6 
94 - 27 6 
95 - 27 6 
96 - 27 6 
97 - 27 6 
98 - 27 6 
99 - 27 6 
100 - 27 6 
101 - 27 6 
102 - 27 6 
103 - 27 6 
104 - 27 6 
105 - 27 6 
106 - 27 6 
107 - 27 6 
108 - 27 6 
109 - 27 6 
110 - 27 6 
111 - 27 6 
112 - 27 6 
113 - 27 6 
114 - 27 6 
115 - 27 6 
116 - 27 6 
117 - 27 6 
118 - 27 6 
119 - 27 6 
120 - 27 6 
121 - 27 6 
122 - 27 6 
123 - 27 6 
124 - 27 6 
125 - 27 6 
126 - 27 6 
127 - 27 6 
1 - 24 4 
1 - 32 56 
1 - 47 21 
3 - 27 21 
1 - 101 16 
2 - 60 16 
3 - 41 16 
4 - 40 16 
9 - 22 16 
1 - 106 57 
2 - 52 57 
3 - 54 57 
4 - 37 57 
6 - 36 57 
1 - 132 4 
2 - 62 4 
3 - 70 4 
4 - 31 4 
5 - 31 4 
6 - 39 4 
7 - 31 4 
12 - 24 4 
1 - 148 18 
2 - 85 18 
3 - 63 18 
4 - 29 18 
5 - 56 18 
6 - 37 18 
7 - 26 18 
10 - 32 18 
11 - 24 18 
1 - 303 13 
2 - 132 13 
3 - 171 13 
4 - 68 13 
5 - 64 13 
6 - 64 13 
7 - 107 13 
8 - 33 13 
9 - 35 13 
10 - 32 13 
11 - 32 13 
13 - 45 13 
14 - 43 13 
15 - 64 13 
22 - 22 13 
27 - 28 13 
29 - 23 13 
30 - 25 13 
31 - 39 13 
62 - 21 13 
1 - 323 9 
2 - 120 9 
3 - 203 9 
4 - 72 9 
5 - 48 9 
6 - 138 9 
7 - 65 9 
8 - 34 9 
9 - 38 9 
10 - 33 9 
12 - 88 9 
13 - 50 9 
15 - 45 9 
17 - 21 9 
18 - 27 9 
24 - 48 9 
25 - 40 9 
27 - 35 9 
30 - 31 9 
48 - 22 9 
49 - 26 9 
51 - 26 9 
55 - 22 9 
1 - 339 17 
2 - 119 17 
3 - 220 17 
4 - 49 17 
5 - 70 17 
6 - 85 17 
7 - 135 17 
8 - 22 17 
9 - 27 17 
10 - 23 17 
11 - 47 17 
12 - 46 17 
13 - 39 17 
14 - 41 17 
15 - 94 17 
22 - 24 17 
23 - 23 17 
27 - 26 17 
29 - 26 17 
30 - 41 17 
31 - 53 17 
61 - 30 17 
63 - 37 17 
127 - 25 17 
1 - 366 33 
2 - 70 33 
3 - 296 33 
4 - 28 33 
5 - 42 33 
6 - 110 33 
7 - 186 33 
10 - 25 33 
12 - 91 33 
14 - 52 33 
15 - 134 33 
24 - 45 33 
25 - 46 33 
29 - 32 33 
30 - 21 33 
31 - 113 33 
48 - 23 33 
49 - 22 33 
50 - 26 33 
62 - 42 33 
63 - 71 33 
125 - 24 33 
1 - 435 16 
2 - 223 16 
3 - 212 16 
4 - 84 16 
5 - 139 16 
6 - 156 16 
7 - 56 16 
10 - 79 16 
11 - 60 16 
12 - 80 16 
13 - 76 16 
14 - 31 16 
15 - 25 16 
20 - 45 16 
21 - 34 16 
23 - 44 16 
25 - 62 16 
26 - 40 16 
27 - 36 16 
40 - 22 16 
41 - 23 16 
47 - 27 16 
50 - 32 16 
51 - 30 16 
52 - 28 16 
54 - 23 16 
1 - 625 4 
2 - 375 4 
3 - 250 4 
4 - 225 4 
5 - 150 4 
6 - 125 4 
7 - 125 4 
8 - 135 4 
9 - 90 4 
10 - 75 4 
11 - 75 4 
12 - 75 4 
13 - 50 4 
14 - 75 4 
15 - 50 4 
16 - 81 4 
17 - 54 4 
18 - 45 4 
19 - 45 4 
20 - 45 4 
21 - 30 4 
22 - 45 4 
23 - 30 4 
24 - 45 4 
25 - 30 4 
26 - 25 4 
27 - 25 4 
28 - 45 4 
29 - 30 4 
30 - 25 4 
31 - 25 4 
32 - 54 4 
33 - 27 4 
34 - 27 4 
35 - 27 4 
36 - 27 4 
38 - 27 4 
40 - 27 4 
44 - 27 4 
48 - 27 4 
56 - 27 4 
64 - 27 4 
65 - 27 4 
1 - 690 9 
2 - 171 9 
3 - 519 9 
4 - 37 9 
5 - 134 9 
6 - 269 9 
7 - 250 9 
10 - 74 9 
11 - 60 9 
12 - 103 9 
13 - 166 9 
14 - 145 9 
15 - 105 9 
20 - 33 9 
21 - 41 9 
22 - 23 9 
23 - 37 9 
24 - 25 9 
25 - 78 9 
26 - 75 9 
27 - 91 9 
28 - 75 9 
29 - 70 9 
31 - 85 9 
41 - 21 9 
43 - 24 9 
50 - 32 9 
51 - 46 9 
52 - 41 9 
53 - 34 9 
54 - 45 9 
55 - 46 9 
56 - 39 9 
57 - 36 9 
58 - 44 9 
59 - 26 9 
62 - 39 9 
63 - 46 9 
103 - 26 9 
105 - 24 9 
108 - 30 9 
110 - 30 9 
113 - 25 9 
115 - 22 9 
116 - 22 9 
117 - 22 9 
124 - 23 9 
126 - 28 9 
1 - 699 9 
2 - 270 9 
3 - 429 9 
4 - 178 9 
5 - 92 9 
6 - 236 9 
7 - 193 9 
8 - 111 9 
9 - 67 9 
10 - 52 9 
11 - 40 9 
12 - 58 9 
13 - 178 9 
14 - 79 9 
15 - 114 9 
16 - 48 9 
17 - 63 9 
18 - 35 9 
19 - 32 9 
20 - 28 9 
21 - 24 9 
23 - 26 9 
25 - 47 9 
26 - 104 9 
27 - 74 9 
29 - 61 9 
30 - 59 9 
31 - 55 9 
32 - 24 9 
33 - 24 9 
34 - 40 9 
35 - 23 9 
50 - 31 9 
52 - 51 9 
53 - 53 9 
54 - 37 9 
55 - 37 9 
59 - 44 9 
61 - 44 9 
63 - 38 9 
104 - 32 9 
106 - 33 9 
1 - 824 4 
2 - 504 4 
3 - 320 4 
4 - 200 4 
5 - 304 4 
6 - 172 4 
7 - 148 4 
8 - 81 4 
9 - 119 4 
10 - 162 4 
11 - 142 4 
13 - 154 4 
14 - 23 4 
15 - 125 4 
16 - 41 4 
17 - 40 4 
18 - 50 4 
19 - 69 4 
20 - 66 4 
21 - 96 4 
22 - 31 4 
23 - 111 4 
27 - 142 4 
30 - 107 4 
32 - 26 4 
35 - 22 4 
36 - 24 4 
37 - 26 4 
41 - 54 4 
43 - 83 4 
1 - 958 9 
2 - 580 9 
3 - 378 9 
4 - 313 9 
5 - 267 9 
6 - 214 9 
7 - 164 9 
8 - 178 9 
9 - 135 9 
10 - 137 9 
11 - 130 9 
12 - 93 9 
13 - 121 9 
14 - 86 9 
15 - 78 9 
16 - 86 9 
17 - 92 9 
18 - 78 9 
19 - 57 9 
20 - 76 9 
21 - 61 9 
22 - 64 9 
23 - 66 9 
24 - 52 9 
25 - 41 9 
26 - 55 9 
27 - 66 9 
28 - 46 9 
29 - 40 9 
30 - 40 9 
31 - 38 9 
32 - 30 9 
33 - 56 9 
34 - 54 9 
35 - 38 9 
36 - 45 9 
37 - 33 9 
38 - 33 9 
39 - 24 9 
40 - 36 9 
41 - 40 9 
42 - 32 9 
43 - 29 9 
44 - 35 9 
45 - 29 9 
46 - 37 9 
47 - 29 9 
48 - 29 9 
49 - 23 9 
50 - 22 9 
52 - 31 9 
53 - 24 9 
54 - 37 9 
55 - 29 9 
56 - 22 9 
57 - 24 9 
58 - 22 9 
61 - 21 9 
62 - 25 9 
66 - 28 9 
67 - 28 9 
68 - 27 9 
69 - 27 9 
71 - 25 9 
72 - 22 9 
73 - 23 9 
82 - 25 9 
1 - 1728 6 
2 - 864 6 
3 - 864 6 
4 - 432 6 
5 - 432 6 
6 - 432 6 
7 - 432 6 
8 - 216 6 
9 - 216 6 
10 - 216 6 
11 - 216 6 
12 - 216 6 
13 - 216 6 
14 - 216 6 
15 - 216 6 
16 - 108 6 
17 - 108 6 
18 - 108 6 
19 - 108 6 
20 - 108 6 
21 - 108 6 
22 - 108 6 
23 - 108 6 
24 - 108 6 
25 - 108 6 
26 - 108 6 
27 - 108 6 
28 - 108 6 
29 - 108 6 
30 - 108 6 
31 - 108 6 
32 - 54 6 
33 - 54 6 
34 - 54 6 
35 - 54 6 
36 - 54 6 
37 - 54 6 
38 - 54 6 
39 - 54 6 
40 - 54 6 
41 - 54 6 
42 - 54 6 
43 - 54 6 
44 - 54 6 
45 - 54 6 
46 - 54 6 
47 - 54 6 
48 - 54 6 
49 - 54 6 
50 - 54 6 
51 - 54 6 
52 - 54 6 
53 - 54 6 
54 - 54 6 
55 - 54 6 
56 - 54 6 
57 - 54 6 
58 - 54 6 
59 - 54 6 
60 - 54 6 
61 - 54 6 
62 - 54 6 
63 - 54 6 
64 - 27 6 
65 - 27 6 
66 - 27 6 
67 - 27 6 
68 - 27 6 
69 - 27 6 
70 - 27 6 
71 - 27 6 
72 - 27 6 
73 - 27 6 
74 - 27 6 
75 - 27 6 
76 - 27 6 
77 - 27 6 
78 - 27 6 
79 - 27 6 
80 - 27 6 
81 - 27 6 
82 - 27 6 
83 - 27 6 
84 - 27 6 
85 - 27 6 
86 - 27 6 
87 - 27 6 
88 - 27 6 
89 - 27 6 
90 - 27 6 
91 - 27 6 
92 - 27 6 
93 - 27 6 
94 - 27 6 
95 - 27 6 
96 - 27 6 
97 - 27 6 
98 - 27 6 
99 - 27 6 
100 - 27 6 
101 - 27 6 
102 - 27 6 
103 - 27 6 
104 - 27 6 
105 - 27 6 
106 - 27 6 
107 - 27 6 
108 - 27 6 
109 - 27 6 
110 - 27 6 
111 - 27 6 
112 - 27 6 
113 - 27 6 
114 - 27 6 
115 - 27 6 
116 - 27 6 
117 - 27 6 
118 - 27 6 
119 - 27 6 
120 - 27 6 
121 - 27 6 
122 - 27 6 
123 - 27 6 
124 - 27 6 
125 - 27 6 
126 - 27 6 
127 - 27 6 
1 - 47 21 
3 - 27 21 
